31.5186 31.5186 31.2073 31.2073 30.896 30.685 30.685 30.4741 30.3362 30.3362 30.1984 30.2414 30.2414 30.2844 30.3667 30.3667 30.4491 30.5172 30.5172 30.5852 31.0162 31.0162 31.4471 31.0611 31.0611 30.6751 30.8393 30.8393 31.0036 30.8677 30.8677 30.7319 30.7112 30.7112 30.6905 30.6404 30.6404 30.5903 30.7031 30.7031 30.8158 30.6959 30.6959 30.576 30.5839 30.5839 30.5919 30.4562 30.4562 30.3204 30.2209 30.2209 30.1214 30.1362 30.1362 30.1509 30.2648 30.2648 30.3787 30.0294 30.0294 29.6801 29.7756 29.7756 29.871 30.264 30.264 30.657 30.5348 30.5348 30.4125 30.4851 30.4851 30.5577 30.5101 30.5101 30.4624 30.628 30.628 30.7935 30.6739 30.6739 30.5543 30.2672 30.2672 29.98 30.3839 30.3839 30.7878 30.6886 30.6886 30.5893 30.6986 30.6986 30.8078 30.8078
31.5186 31.5186 31.2073 31.2073 30.896 30.685 30.685 30.4741 30.3362 30.3362 30.1984 30.2414 30.2414 30.2844 30.3667 30.3667 30.4491 30.5172 30.5172 30.5852 31.0162 31.0162 31.4471 31.0611 31.0611 30.6751 30.8393 30.8393 31.0036 30.8677 30.8677 30.7319 30.7112 30.7112 30.6905 30.6404 30.6404 30.5903 30.7031 30.7031 30.8158 30.6959 30.6959 30.576 30.5839 30.5839 30.5919 30.4562 30.4562 30.3204 30.2209 30.2209 30.1214 30.1362 30.1362 30.1509 30.2648 30.2648 30.3787 30.0294 30.0294 29.6801 29.7756 29.7756 29.871 30.264 30.264 30.657 30.5348 30.5348 30.4125 30.4851 30.4851 30.5577 30.5101 30.5101 30.4624 30.628 30.628 30.7935 30.6739 30.6739 30.5543 30.2672 30.2672 29.98 30.3839 30.3839 30.7878 30.6886 30.6886 30.5893 30.6986 30.6986 30.8078 30.8078
31.5921 31.5921 31.3852 31.3852 31.1783 30.8243 30.8243 30.4703 30.3005 30.3005 30.1308 30.0904 30.0904 30.0501 30.2105 30.2105 30.371 30.48 30.48 30.589 30.8171 30.8171 31.0452 30.8117 30.8117 30.5781 30.7571 30.7571 30.936 30.9282 30.9282 30.9204 30.8524 30.8524 30.7844 30.685 30.685 30.5855 30.608 30.608 30.6304 30.7 30.7 30.7696 30.5903 30.5903 30.4111 30.3163 30.3163 30.2215 30.233 30.233 30.2445 30.2479 30.2479 30.2514 30.2767 30.2767 30.302 30.0591 30.0591 29.8161 29.8008 29.8008 29.7854 30.1298 30.1298 30.4742 30.4684 30.4684 30.4627 30.414 30.414 30.3653 30.441 30.441 30.5167 30.5546 30.5546 30.5925 30.6619 30.6619 30.7313 30.4505 30.4505 30.1697 30.3912 30.3912 30.6127 30.761 30.761 30.9093 30.9672 30.9672 31.0252 31.0252
31.5921 31.5921 31.3852 31.3852 31.1783 30.8243 30.8243 30.4703 30.3005 30.3005 30.1308 30.0904 30.0904 30.0501 30.2105 30.2105 30.371 30.48 30.48 30.589 30.8171 30.8171 31.0452 30.8117 30.8117 30.5781 30.7571 30.7571 30.936 30.9282 30.9282 30.9204 30.8524 30.8524 30.7844 30.685 30.685 30.5855 30.608 30.608 30.6304 30.7 30.7 30.7696 30.5903 30.5903 30.4111 30.3163 30.3163 30.2215 30.233 30.233 30.2445 30.2479 30.2479 30.2514 30.2767 30.2767 30.302 30.0591 30.0591 29.8161 29.8008 29.8008 29.7854 30.1298 30.1298 30.4742 30.4684 30.4684 30.4627 30.414 30.414 30.3653 30.441 30.441 30.5167 30.5546 30.5546 30.5925 30.6619 30.6619 30.7313 30.4505 30.4505 30.1697 30.3912 30.3912 30.6127 30.761 30.761 30.9093 30.9672 30.9672 31.0252 31.0252
31.6656 31.6656 31.5632 31.5632 31.4607 30.9635 30.9635 30.4664 30.2649 30.2649 30.0633 29.9395 29.9395 29.8158 30.0543 30.0543 30.2928 30.4428 30.4428 30.5927 30.618 30.618 30.6433 30.5622 30.5622 30.4812 30.6748 30.6748 30.8685 30.9887 30.9887 31.1089 30.9936 30.9936 30.8783 30.7295 30.7295 30.5807 30.5128 30.5128 30.445 30.7041 30.7041 30.9632 30.5967 30.5967 30.2303 30.1765 30.1765 30.1226 30.2451 30.2451 30.3676 30.3597 30.3597 30.3518 30.2885 30.2885 30.2253 30.0887 30.0887 29.9522 29.826 29.826 29.6999 29.9956 29.9956 30.2913 30.4021 30.4021 30.5129 30.3429 30.3429 30.173 30.372 30.372 30.571 30.4812 30.4812 30.3914 30.6499 30.6499 30.9083 30.6338 30.6338 30.3594 30.3985 30.3985 30.4376 30.8335 30.8335 31.2294 31.2359 31.2359 31.2425 31.2425
31.7889 31.7889 31.6172 31.6172 31.4455 31.0238 31.0238 30.6021 30.5758 30.5758 30.5494 30.1907 30.1907 29.8319 29.8884 29.8884 29.945 30.0974 30.0974 30.2499 30.2965 30.2965 30.3431 30.3339 30.3339 30.3248 30.4269 30.4269 30.5291 30.6443 30.6443 30.7595 30.7837 30.7837 30.8079 30.6874 30.6874 30.5669 30.4913 30.4913 30.4157 30.6075 30.6075 30.7993 30.6292 30.6292 30.4592 30.2735 30.2735 30.0878 30.1031 30.1031 30.1183 30.1628 30.1628 30.2073 30.0943 30.0943 29.9813 29.8519 29.8519 29.7226 29.7008 29.7008 29.679 29.9532 29.9532 30.2273 30.3391 30.3391 30.451 30.3404 30.3404 30.2298 30.252 30.252 30.2742 30.3685 30.3685 30.4629 30.5326 30.5326 30.6023 30.4087 30.4087 30.2152 30.2425 30.2425 30.2698 30.6883 30.6883 31.1067 31.047 31.047 30.9872 30.9872
31.7889 31.7889 31.6172 31.6172 31.4455 31.0238 31.0238 30.6021 30.5758 30.5758 30.5494 30.1907 30.1907 29.8319 29.8884 29.8884 29.945 30.0974 30.0974 30.2499 30.2965 30.2965 30.3431 30.3339 30.3339 30.3248 30.4269 30.4269 30.5291 30.6443 30.6443 30.7595 30.7837 30.7837 30.8079 30.6874 30.6874 30.5669 30.4913 30.4913 30.4157 30.6075 30.6075 30.7993 30.6292 30.6292 30.4592 30.2735 30.2735 30.0878 30.1031 30.1031 30.1183 30.1628 30.1628 30.2073 30.0943 30.0943 29.9813 29.8519 29.8519 29.7226 29.7008 29.7008 29.679 29.9532 29.9532 30.2273 30.3391 30.3391 30.451 30.3404 30.3404 30.2298 30.252 30.252 30.2742 30.3685 30.3685 30.4629 30.5326 30.5326 30.6023 30.4087 30.4087 30.2152 30.2425 30.2425 30.2698 30.6883 30.6883 31.1067 31.047 31.047 30.9872 30.9872
31.9121 31.9121 31.6712 31.6712 31.4304 31.0841 31.0841 30.7377 30.8867 30.8867 31.0356 30.4418 30.4418 29.8481 29.7226 29.7226 29.5971 29.752 29.752 29.907 29.9749 29.9749 30.0428 30.1056 30.1056 30.1684 30.179 30.179 30.1897 30.2999 30.2999 30.4102 30.5738 30.5738 30.7374 30.6453 30.6453 30.5531 30.4698 30.4698 30.3865 30.5109 30.5109 30.6353 30.6617 30.6617 30.6881 30.3706 30.3706 30.053 29.961 29.961 29.869 29.966 29.966 30.0629 29.9001 29.9001 29.7373 29.6152 29.6152 29.493 29.5756 29.5756 29.6582 29.9107 29.9107 30.1633 30.2761 30.2761 30.389 30.3379 30.3379 30.2867 30.132 30.132 29.9774 30.2558 30.2558 30.5343 30.4153 30.4153 30.2963 30.1836 30.1836 30.0709 30.0865 30.0865 30.102 30.543 30.543 30.9841 30.858 30.858 30.732 30.732
31.4058 31.4058 31.3904 31.3904 31.3749 31.2463 31.2463 31.1176 30.9831 30.9831 30.8486 30.3996 30.3996 29.9506 29.9067 29.9067 29.8627 30.0025 30.0025 30.1424 30.1082 30.1082 30.0741 30.0078 30.0078 29.9415 29.8635 29.8635 29.7855 29.9851 29.9851 30.1846 30.2639 30.2639 30.3431 30.2803 30.2803 30.2175 30.1873 30.1873 30.1571 30.3801 30.3801 30.603 30.6211 30.6211 30.6391 30.4008 30.4008 30.1625 30.0801 30.0801 29.9977 30.0145 30.0145 30.0313 29.9479 29.9479 29.8645 29.6982 29.6982 29.5318 29.5406 29.5406 29.5494 29.9385 29.9385 30.3275 30.446 30.446 30.5644 30.4469 30.4469 30.3294 30.0851 30.0851 29.8408 30.1754 30.1754 30.51 30.3956 30.3956 30.2811 30.0363 30.0363 29.7914 29.948 29.948 30.1045 30.4738 30.4738 30.843 30.7845 30.7845 30.726 30.726
31.4058 31.4058 31.3904 31.3904 31.3749 31.2463 31.2463 31.1176 30.9831 30.9831 30.8486 30.3996 30.3996 29.9506 29.9067 29.9067 29.8627 30.0025 30.0025 30.1424 30.1082 30.1082 30.0741 30.0078 30.0078 29.9415 29.8635 29.8635 29.7855 29.9851 29.9851 30.1846 30.2639 30.2639 30.3431 30.2803 30.2803 30.2175 30.1873 30.1873 30.1571 30.3801 30.3801 30.603 30.6211 30.6211 30.6391 30.4008 30.4008 30.1625 30.0801 30.0801 29.9977 30.0145 30.0145 30.0313 29.9479 29.9479 29.8645 29.6982 29.6982 29.5318 29.5406 29.5406 29.5494 29.9385 29.9385 30.3275 30.446 30.446 30.5644 30.4469 30.4469 30.3294 30.0851 30.0851 29.8408 30.1754 30.1754 30.51 30.3956 30.3956 30.2811 30.0363 30.0363 29.7914 29.948 29.948 30.1045 30.4738 30.4738 30.843 30.7845 30.7845 30.726 30.726
30.8995 30.8995 31.1095 31.1095 31.3195 31.4085 31.4085 31.4974 31.0795 31.0795 30.6616 30.3574 30.3574 30.0532 30.0907 30.0907 30.1283 30.253 30.253 30.3777 30.2415 30.2415 30.1053 29.91 29.91 29.7147 29.548 29.548 29.3813 29.6702 29.6702 29.9591 29.954 29.954 29.9489 29.9154 29.9154 29.8818 29.9048 29.9048 29.9278 30.2493 30.2493 30.5707 30.5805 30.5805 30.5902 30.4311 30.4311 30.272 30.1992 30.1992 30.1264 30.0631 30.0631 29.9998 29.9957 29.9957 29.9917 29.7812 29.7812 29.5706 29.5056 29.5056 29.4406 29.9662 29.9662 30.4918 30.6158 30.6158 30.7398 30.556 30.556 30.3722 30.0383 30.0383 29.7043 30.095 30.095 30.4857 30.3758 30.3758 30.266 29.8889 29.8889 29.5119 29.8095 29.8095 30.107 30.4045 30.4045 30.7019 30.711 30.711 30.7201 30.7201
31.11 31.11 31.1069 31.1069 31.1038 31.1765 31.1765 31.2491 31.0145 31.0145 30.7799 30.4986 30.4986 30.2173 30.1837 30.1837 30.1502 30.2256 30.2256 30.301 30.2776 30.2776 30.2542 29.9458 29.9458 29.6374 29.5013 29.5013 29.3653 29.596 29.596 29.8268 29.9403 29.9403 30.0538 29.7962 29.7962 29.5386 29.6891 29.6891 29.8397 30.0743 30.0743 30.3089 30.2954 30.2954 30.282 30.1493 30.1493 30.0166 30.0698 30.0698 30.123 29.9698 29.9698 29.8166 29.8629 29.8629 29.9093 29.7182 29.7182 29.5271 29.4495 29.4495 29.3718 29.7606 29.7606 30.1493 30.3845 30.3845 30.6197 30.4064 30.4064 30.193 29.9834 29.9834 29.7737 30.0379 30.0379 30.3021 30.2244 30.2244 30.1467 29.9108 29.9108 29.6748 29.9059 29.9059 30.137 30.2822 30.2822 30.4273 30.6863 30.6863 30.9453 30.9453
31.11 31.11 31.1069 31.1069 31.1038 31.1765 31.1765 31.2491 31.0145 31.0145 30.7799 30.4986 30.4986 30.2173 30.1837 30.1837 30.1502 30.2256 30.2256 30.301 30.2776 30.2776 30.2542 29.9458 29.9458 29.6374 29.5013 29.5013 29.3653 29.596 29.596 29.8268 29.9403 29.9403 30.0538 29.7962 29.7962 29.5386 29.6891 29.6891 29.8397 30.0743 30.0743 30.3089 30.2954 30.2954 30.282 30.1493 30.1493 30.0166 30.0698 30.0698 30.123 29.9698 29.9698 29.8166 29.8629 29.8629 29.9093 29.7182 29.7182 29.5271 29.4495 29.4495 29.3718 29.7606 29.7606 30.1493 30.3845 30.3845 30.6197 30.4064 30.4064 30.193 29.9834 29.9834 29.7737 30.0379 30.0379 30.3021 30.2244 30.2244 30.1467 29.9108 29.9108 29.6748 29.9059 29.9059 30.137 30.2822 30.2822 30.4273 30.6863 30.6863 30.9453 30.9453
31.3204 31.3204 31.1042 31.1042 30.8881 30.9445 30.9445 31.0008 30.9495 30.9495 30.8981 30.6398 30.6398 30.3814 30.2767 30.2767 30.1721 30.1982 30.1982 30.2243 30.3137 30.3137 30.403 29.9815 29.9815 29.5601 29.4546 29.4546 29.3492 29.5219 29.5219 29.6946 29.9267 29.9267 30.1588 29.677 29.677 29.1953 29.4734 29.4734 29.7516 29.8993 29.8993 30.0471 30.0104 30.0104 29.9738 29.8675 29.8675 29.7612 29.9404 29.9404 30.1196 29.8765 29.8765 29.6334 29.7302 29.7302 29.8269 29.6553 29.6553 29.4837 29.3933 29.3933 29.3029 29.5549 29.5549 29.8068 30.1532 30.1532 30.4995 30.2567 30.2567 30.0139 29.9284 29.9284 29.843 29.9808 29.9808 30.1186 30.0731 30.0731 30.0275 29.9326 29.9326 29.8378 30.0023 30.0023 30.1669 30.1598 30.1598 30.1528 30.6616 30.6616 31.1704 31.1704
31.1279 31.1279 31.0502 31.0502 30.9725 31.0163 31.0163 31.0602 31.0099 31.0099 30.9596 30.6891 30.6891 30.4185 30.372 30.372 30.3254 30.3043 30.3043 30.2832 30.2797 30.2797 30.2762 29.9745 29.9745 29.6727 29.6322 29.6322 29.5917 29.6638 29.6638 29.7359 29.8337 29.8337 29.9315 29.6618 29.6618 29.3921 29.3846 29.3846 29.377 29.5658 29.5658 29.7546 29.84 29.84 29.9255 29.7705 29.7705 29.6155 29.6723 29.6723 29.7291 29.7101 29.7101 29.6912 29.7359 29.7359 29.7806 29.5734 29.5734 29.3662 29.3248 29.3248 29.2834 29.529 29.529 29.7745 29.9707 29.9707 30.1668 30.0785 30.0785 29.9901 29.9897 29.9897 29.9893 30.0894 30.0894 30.1894 30.1514 30.1514 30.1134 30.0045 30.0045 29.8956 29.9206 29.9206 29.9456 30.1593 30.1593 30.3731 30.6208 30.6208 30.8685 30.8685
31.1279 31.1279 31.0502 31.0502 30.9725 31.0163 31.0163 31.0602 31.0099 31.0099 30.9596 30.6891 30.6891 30.4185 30.372 30.372 30.3254 30.3043 30.3043 30.2832 30.2797 30.2797 30.2762 29.9745 29.9745 29.6727 29.6322 29.6322 29.5917 29.6638 29.6638 29.7359 29.8337 29.8337 29.9315 29.6618 29.6618 29.3921 29.3846 29.3846 29.377 29.5658 29.5658 29.7546 29.84 29.84 29.9255 29.7705 29.7705 29.6155 29.6723 29.6723 29.7291 29.7101 29.7101 29.6912 29.7359 29.7359 29.7806 29.5734 29.5734 29.3662 29.3248 29.3248 29.2834 29.529 29.529 29.7745 29.9707 29.9707 30.1668 30.0785 30.0785 29.9901 29.9897 29.9897 29.9893 30.0894 30.0894 30.1894 30.1514 30.1514 30.1134 30.0045 30.0045 29.8956 29.9206 29.9206 29.9456 30.1593 30.1593 30.3731 30.6208 30.6208 30.8685 30.8685
30.9353 30.9353 30.9961 30.9961 31.0568 31.0882 31.0882 31.1196 31.0704 31.0704 31.0211 30.7384 30.7384 30.4557 30.4672 30.4672 30.4788 30.4104 30.4104 30.342 30.2457 30.2457 30.1494 29.9674 29.9674 29.7854 29.8097 29.8097 29.8341 29.8056 29.8056 29.7772 29.7407 29.7407 29.7043 29.6466 29.6466 29.5889 29.2957 29.2957 29.0024 29.2322 29.2322 29.4621 29.6696 29.6696 29.8771 29.6735 29.6735 29.4698 29.4042 29.4042 29.3385 29.5438 29.5438 29.749 29.7416 29.7416 29.7342 29.4914 29.4914 29.2487 29.2563 29.2563 29.2639 29.503 29.503 29.7422 29.7882 29.7882 29.8342 29.9003 29.9003 29.9664 30.051 30.051 30.1357 30.198 30.198 30.2603 30.2298 30.2298 30.1993 30.0763 30.0763 29.9534 29.8388 29.8388 29.7242 30.1588 30.1588 30.5933 30.58 30.58 30.5666 30.5666
30.7003 30.7003 30.6859 30.6859 30.6716 30.8957 30.8957 31.1198 30.9637 30.9637 30.8077 30.649 30.649 30.4903 30.3756 30.3756 30.2609 30.3717 30.3717 30.4824 30.4378 30.4378 30.3932 30.1277 30.1277 29.8623 29.8736 29.8736 29.8849 29.8388 29.8388 29.7927 29.7957 29.7957 29.7987 29.6603 29.6603 29.5218 29.2951 29.2951 29.0684 29.2482 29.2482 29.4281 29.584 29.584 29.7399 29.5816 29.5816 29.4233 29.4138 29.4138 29.4042 29.5256 29.5256 29.647 29.6399 29.6399 29.6328 29.3837 29.3837 29.1345 29.0961 29.0961 29.0577 29.2801 29.2801 29.5025 29.63 29.63 29.7576 29.8204 29.8204 29.8831 29.9128 29.9128 29.9425 29.9736 29.9736 30.0046 30.0647 30.0647 30.1248 29.9358 29.9358 29.7467 29.7761 29.7761 29.8056 30.2052 30.2052 30.6049 30.5395 30.5395 30.4742 30.4742
30.7003 30.7003 30.6859 30.6859 30.6716 30.8957 30.8957 31.1198 30.9637 30.9637 30.8077 30.649 30.649 30.4903 30.3756 30.3756 30.2609 30.3717 30.3717 30.4824 30.4378 30.4378 30.3932 30.1277 30.1277 29.8623 29.8736 29.8736 29.8849 29.8388 29.8388 29.7927 29.7957 29.7957 29.7987 29.6603 29.6603 29.5218 29.2951 29.2951 29.0684 29.2482 29.2482 29.4281 29.584 29.584 29.7399 29.5816 29.5816 29.4233 29.4138 29.4138 29.4042 29.5256 29.5256 29.647 29.6399 29.6399 29.6328 29.3837 29.3837 29.1345 29.0961 29.0961 29.0577 29.2801 29.2801 29.5025 29.63 29.63 29.7576 29.8204 29.8204 29.8831 29.9128 29.9128 29.9425 29.9736 29.9736 30.0046 30.0647 30.0647 30.1248 29.9358 29.9358 29.7467 29.7761 29.7761 29.8056 30.2052 30.2052 30.6049 30.5395 30.5395 30.4742 30.4742
30.4652 30.4652 30.3758 30.3758 30.2864 30.7032 30.7032 31.12 30.8571 30.8571 30.5942 30.5596 30.5596 30.525 30.284 30.284 30.043 30.3329 30.3329 30.6228 30.6299 30.6299 30.637 30.2881 30.2881 29.9391 29.9374 29.9374 29.9357 29.872 29.872 29.8083 29.8507 29.8507 29.8932 29.6739 29.6739 29.4546 29.2945 29.2945 29.1343 29.2642 29.2642 29.3942 29.4984 29.4984 29.6026 29.4897 29.4897 29.3769 29.4233 29.4233 29.4698 29.5074 29.5074 29.5451 29.5382 29.5382 29.5314 29.2759 29.2759 29.0204 28.936 28.936 28.8516 29.0572 29.0572 29.2628 29.4719 29.4719 29.681 29.7404 29.7404 29.7999 29.7746 29.7746 29.7493 29.7491 29.7491 29.7489 29.8996 29.8996 30.0503 29.7952 29.7952 29.5401 29.7135 29.7135 29.8869 30.2516 30.2516 30.6164 30.499 30.499 30.3817 30.3817
30.4917 30.4917 30.4156 30.4156 30.3395 30.5556 30.5556 30.7717 30.5975 30.5975 30.4233 30.4529 30.4529 30.4826 30.3365 30.3365 30.1905 30.3834 30.3834 30.5764 30.5858 30.5858 30.5952 30.2786 30.2786 29.9619 29.9786 29.9786 29.9954 30.014 30.014 30.0327 30.0209 30.0209 30.0091 29.7992 29.7992 29.5894 29.4215 29.4215 29.2535 29.3977 29.3977 29.5418 29.55 29.55 29.5582 29.4832 29.4832 29.4081 29.3287 29.3287 29.2494 29.3323 29.3323 29.4153 29.5057 29.5057 29.5962 29.324 29.324 29.0518 29.0175 29.0175 28.9833 29.1676 29.1676 29.3519 29.5054 29.5054 29.6589 29.7046 29.7046 29.7503 29.6043 29.6043 29.4584 29.6409 29.6409 29.8234 29.9087 29.9087 29.9941 29.688 29.688 29.3818 29.6254 29.6254 29.869 30.1566 30.1566 30.4441 30.463 30.463 30.4818 30.4818
30.4917 30.4917 30.4156 30.4156 30.3395 30.5556 30.5556 30.7717 30.5975 30.5975 30.4233 30.4529 30.4529 30.4826 30.3365 30.3365 30.1905 30.3834 30.3834 30.5764 30.5858 30.5858 30.5952 30.2786 30.2786 29.9619 29.9786 29.9786 29.9954 30.014 30.014 30.0327 30.0209 30.0209 30.0091 29.7992 29.7992 29.5894 29.4215 29.4215 29.2535 29.3977 29.3977 29.5418 29.55 29.55 29.5582 29.4832 29.4832 29.4081 29.3287 29.3287 29.2494 29.3323 29.3323 29.4153 29.5057 29.5057 29.5962 29.324 29.324 29.0518 29.0175 29.0175 28.9833 29.1676 29.1676 29.3519 29.5054 29.5054 29.6589 29.7046 29.7046 29.7503 29.6043 29.6043 29.4584 29.6409 29.6409 29.8234 29.9087 29.9087 29.9941 29.688 29.688 29.3818 29.6254 29.6254 29.869 30.1566 30.1566 30.4441 30.463 30.463 30.4818 30.4818
30.5182 30.5182 30.4553 30.4553 30.3925 30.4079 30.4079 30.4233 30.3378 30.3378 30.2523 30.3462 30.3462 30.4401 30.389 30.389 30.3379 30.434 30.434 30.53 30.5417 30.5417 30.5534 30.2691 30.2691 29.9847 30.0199 30.0199 30.055 30.1561 30.1561 30.2571 30.191 30.191 30.125 29.9246 29.9246 29.7242 29.5485 29.5485 29.3728 29.5311 29.5311 29.6894 29.6016 29.6016 29.5138 29.4766 29.4766 29.4393 29.2341 29.2341 29.0289 29.1572 29.1572 29.2855 29.4732 29.4732 29.6609 29.372 29.372 29.0831 29.099 29.099 29.115 29.2779 29.2779 29.4409 29.5389 29.5389 29.6369 29.6688 29.6688 29.7006 29.434 29.434 29.1674 29.5326 29.5326 29.8979 29.9179 29.9179 29.9379 29.5807 29.5807 29.2235 29.5373 29.5373 29.8511 30.0615 30.0615 30.2719 30.4269 30.4269 30.5819 30.5819
30.5526 30.5526 30.5775 30.5775 30.6024 30.5459 30.5459 30.4894 30.4973 30.4973 30.5052 30.4813 30.4813 30.4574 30.3697 30.3697 30.282 30.4432 30.4432 30.6044 30.5321 30.5321 30.4597 30.2324 30.2324 30.0051 29.9844 29.9844 29.9638 30.0554 30.0554 30.147 30.1766 30.1766 30.2061 30.0829 30.0829 29.9597 29.7407 29.7407 29.5218 29.5822 29.5822 29.6426 29.6175 29.6175 29.5923 29.4606 29.4606 29.3289 29.3018 29.3018 29.2746 29.3967 29.3967 29.5189 29.5197 29.5197 29.5205 29.3147 29.3147 29.1089 29.0739 29.0739 29.039 29.1296 29.1296 29.2201 29.2681 29.2681 29.316 29.4023 29.4023 29.4887 29.3403 29.3403 29.1919 29.5342 29.5342 29.8764 29.8495 29.8495 29.8225 29.6222 29.6222 29.422 29.6079 29.6079 29.7938 30.0691 30.0691 30.3445 30.357 30.357 30.3696 30.3696
30.5526 30.5526 30.5775 30.5775 30.6024 30.5459 30.5459 30.4894 30.4973 30.4973 30.5052 30.4813 30.4813 30.4574 30.3697 30.3697 30.282 30.4432 30.4432 30.6044 30.5321 30.5321 30.4597 30.2324 30.2324 30.0051 29.9844 29.9844 29.9638 30.0554 30.0554 30.147 30.1766 30.1766 30.2061 30.0829 30.0829 29.9597 29.7407 29.7407 29.5218 29.5822 29.5822 29.6426 29.6175 29.6175 29.5923 29.4606 29.4606 29.3289 29.3018 29.3018 29.2746 29.3967 29.3967 29.5189 29.5197 29.5197 29.5205 29.3147 29.3147 29.1089 29.0739 29.0739 29.039 29.1296 29.1296 29.2201 29.2681 29.2681 29.316 29.4023 29.4023 29.4887 29.3403 29.3403 29.1919 29.5342 29.5342 29.8764 29.8495 29.8495 29.8225 29.6222 29.6222 29.422 29.6079 29.6079 29.7938 30.0691 30.0691 30.3445 30.357 30.357 30.3696 30.3696
30.5871 30.5871 30.6997 30.6997 30.8122 30.6838 30.6838 30.5555 30.6568 30.6568 30.7581 30.6164 30.6164 30.4746 30.3504 30.3504 30.2262 30.4525 30.4525 30.6787 30.5224 30.5224 30.3661 30.1957 30.1957 30.0254 29.949 29.949 29.8725 29.9547 29.9547 30.037 30.1621 30.1621 30.2872 30.2412 30.2412 30.1952 29.933 29.933 29.6708 29.6333 29.6333 29.5958 29.6333 29.6333 29.6708 29.4447 29.4447 29.2186 29.3694 29.3694 29.5203 29.6363 29.6363 29.7523 29.5662 29.5662 29.3801 29.2574 29.2574 29.1346 29.0488 29.0488 28.963 28.9812 28.9812 28.9994 28.9972 28.9972 28.995 29.1359 29.1359 29.2768 29.2466 29.2466 29.2165 29.5357 29.5357 29.8549 29.781 29.781 29.7071 29.6638 29.6638 29.6204 29.6784 29.6784 29.7364 30.0767 30.0767 30.417 30.2871 30.2871 30.1573 30.1573
30.4073 30.4073 30.435 30.435 30.4628 30.5333 30.5333 30.6038 30.6502 30.6502 30.6967 30.5512 30.5512 30.4058 30.3442 30.3442 30.2826 30.459 30.459 30.6353 30.4835 30.4835 30.3316 30.2394 30.2394 30.1471 30.0379 30.0379 29.9287 30.0923 30.0923 30.2559 30.2055 30.2055 30.1551 30.1139 30.1139 30.0727 29.9447 29.9447 29.8167 29.8162 29.8162 29.8157 29.8023 29.8023 29.7889 29.613 29.613 29.4372 29.4623 29.4623 29.4874 29.5607 29.5607 29.6341 29.5432 29.5432 29.4524 29.3537 29.3537 29.2551 29.2221 29.2221 29.1891 29.0754 29.0754 28.9618 28.9716 28.9716 28.9815 28.9616 28.9616 28.9418 29.0714 29.0714 29.201 29.4184 29.4184 29.6359 29.6325 29.6325 29.6291 29.4436 29.4436 29.2582 29.4387 29.4387 29.6193 29.8904 29.8904 30.1615 30.1268 30.1268 30.0921 30.0921
30.4073 30.4073 30.435 30.435 30.4628 30.5333 30.5333 30.6038 30.6502 30.6502 30.6967 30.5512 30.5512 30.4058 30.3442 30.3442 30.2826 30.459 30.459 30.6353 30.4835 30.4835 30.3316 30.2394 30.2394 30.1471 30.0379 30.0379 29.9287 30.0923 30.0923 30.2559 30.2055 30.2055 30.1551 30.1139 30.1139 30.0727 29.9447 29.9447 29.8167 29.8162 29.8162 29.8157 29.8023 29.8023 29.7889 29.613 29.613 29.4372 29.4623 29.4623 29.4874 29.5607 29.5607 29.6341 29.5432 29.5432 29.4524 29.3537 29.3537 29.2551 29.2221 29.2221 29.1891 29.0754 29.0754 28.9618 28.9716 28.9716 28.9815 28.9616 28.9616 28.9418 29.0714 29.0714 29.201 29.4184 29.4184 29.6359 29.6325 29.6325 29.6291 29.4436 29.4436 29.2582 29.4387 29.4387 29.6193 29.8904 29.8904 30.1615 30.1268 30.1268 30.0921 30.0921
30.2274 30.2274 30.1704 30.1704 30.1133 30.3827 30.3827 30.652 30.6437 30.6437 30.6353 30.4861 30.4861 30.3369 30.338 30.338 30.3391 30.4655 30.4655 30.5919 30.4445 30.4445 30.2972 30.283 30.283 30.2687 30.1268 30.1268 29.9849 30.2299 30.2299 30.4749 30.249 30.249 30.0231 29.9866 29.9866 29.9502 29.9564 29.9564 29.9625 29.999 29.999 30.0355 29.9712 29.9712 29.9069 29.7814 29.7814 29.6558 29.5552 29.5552 29.4546 29.4852 29.4852 29.5159 29.5203 29.5203 29.5247 29.4501 29.4501 29.3755 29.3953 29.3953 29.4152 29.1697 29.1697 28.9242 28.946 28.946 28.9679 28.7874 28.7874 28.6069 28.8962 28.8962 29.1854 29.3012 29.3012 29.4169 29.4839 29.4839 29.551 29.2235 29.2235 28.896 29.1991 29.1991 29.5022 29.7041 29.7041 29.9059 29.9664 29.9664 30.0268 30.0268
30.2823 30.2823 30.3177 30.3177 30.353 30.5372 30.5372 30.7214 30.6635 30.6635 30.6056 30.4644 30.4644 30.3231 30.2626 30.2626 30.2021 30.385 30.385 30.5679 30.4439 30.4439 30.32 30.2727 30.2727 30.2253 30.0854 30.0854 29.9455 30.1315 30.1315 30.3175 30.2313 30.2313 30.145 30.0152 30.0152 29.8853 29.9118 29.9118 29.9383 29.9787 29.9787 30.0191 30.032 30.032 30.045 29.829 29.829 29.6131 29.591 29.591 29.569 29.6505 29.6505 29.7321 29.6891 29.6891 29.6462 29.5862 29.5862 29.5262 29.529 29.529 29.5318 29.3804 29.3804 29.229 29.2202 29.2202 29.2114 28.984 28.984 28.7567 28.9849 28.9849 29.2131 29.322 29.322 29.4309 29.4813 29.4813 29.5316 29.4608 29.4608 29.39 29.3527 29.3527 29.3155 29.5682 29.5682 29.8209 29.9147 29.9147 30.0085 30.0085
30.2823 30.2823 30.3177 30.3177 30.353 30.5372 30.5372 30.7214 30.6635 30.6635 30.6056 30.4644 30.4644 30.3231 30.2626 30.2626 30.2021 30.385 30.385 30.5679 30.4439 30.4439 30.32 30.2727 30.2727 30.2253 30.0854 30.0854 29.9455 30.1315 30.1315 30.3175 30.2313 30.2313 30.145 30.0152 30.0152 29.8853 29.9118 29.9118 29.9383 29.9787 29.9787 30.0191 30.032 30.032 30.045 29.829 29.829 29.6131 29.591 29.591 29.569 29.6505 29.6505 29.7321 29.6891 29.6891 29.6462 29.5862 29.5862 29.5262 29.529 29.529 29.5318 29.3804 29.3804 29.229 29.2202 29.2202 29.2114 28.984 28.984 28.7567 28.9849 28.9849 29.2131 29.322 29.322 29.4309 29.4813 29.4813 29.5316 29.4608 29.4608 29.39 29.3527 29.3527 29.3155 29.5682 29.5682 29.8209 29.9147 29.9147 30.0085 30.0085
30.3372 30.3372 30.465 30.465 30.5927 30.6917 30.6917 30.7908 30.6834 30.6834 30.576 30.4426 30.4426 30.3092 30.1872 30.1872 30.0652 30.3045 30.3045 30.5439 30.4433 30.4433 30.3428 30.2624 30.2624 30.1819 30.044 30.044 29.9061 30.0331 30.0331 30.1601 30.2136 30.2136 30.267 30.0437 30.0437 29.8205 29.8673 29.8673 29.914 29.9583 29.9583 30.0026 30.0928 30.0928 30.183 29.8767 29.8767 29.5703 29.6269 29.6269 29.6834 29.8159 29.8159 29.9483 29.858 29.858 29.7677 29.7223 29.7223 29.6768 29.6626 29.6626 29.6483 29.5911 29.5911 29.5338 29.4943 29.4943 29.4548 29.1807 29.1807 28.9065 29.0737 29.0737 29.2408 29.3429 29.3429 29.4449 29.4786 29.4786 29.5122 29.6981 29.6981 29.884 29.5064 29.5064 29.1287 29.4323 29.4323 29.7358 29.863 29.863 29.9902 29.9902
30.1578 30.1578 30.3532 30.3532 30.5485 30.584 30.584 30.6194 30.5711 30.5711 30.5228 30.3841 30.3841 30.2454 30.1305 30.1305 30.0156 30.1579 30.1579 30.3001 30.3531 30.3531 30.406 30.2184 30.2184 30.0308 29.9124 29.9124 29.7939 29.9726 29.9726 30.1512 30.1155 30.1155 30.0798 29.9738 29.9738 29.8678 29.9209 29.9209 29.974 29.9687 29.9687 29.9633 30.0399 30.0399 30.1166 29.9 29.9 29.6835 29.7135 29.7135 29.7434 29.8236 29.8236 29.9037 29.8589 29.8589 29.814 29.634 29.634 29.4539 29.5398 29.5398 29.6256 29.6094 29.6094 29.5932 29.6065 29.6065 29.6199 29.2452 29.2452 28.8706 28.9073 28.9073 28.9439 29.1432 29.1432 29.3424 29.4009 29.4009 29.4594 29.4873 29.4873 29.5152 29.4254 29.4254 29.3356 29.4633 29.4633 29.5911 29.664 29.664 29.7369 29.7369
30.1578 30.1578 30.3532 30.3532 30.5485 30.584 30.584 30.6194 30.5711 30.5711 30.5228 30.3841 30.3841 30.2454 30.1305 30.1305 30.0156 30.1579 30.1579 30.3001 30.3531 30.3531 30.406 30.2184 30.2184 30.0308 29.9124 29.9124 29.7939 29.9726 29.9726 30.1512 30.1155 30.1155 30.0798 29.9738 29.9738 29.8678 29.9209 29.9209 29.974 29.9687 29.9687 29.9633 30.0399 30.0399 30.1166 29.9 29.9 29.6835 29.7135 29.7135 29.7434 29.8236 29.8236 29.9037 29.8589 29.8589 29.814 29.634 29.634 29.4539 29.5398 29.5398 29.6256 29.6094 29.6094 29.5932 29.6065 29.6065 29.6199 29.2452 29.2452 28.8706 28.9073 28.9073 28.9439 29.1432 29.1432 29.3424 29.4009 29.4009 29.4594 29.4873 29.4873 29.5152 29.4254 29.4254 29.3356 29.4633 29.4633 29.5911 29.664 29.664 29.7369 29.7369
29.9783 29.9783 30.2413 30.2413 30.5044 30.4763 30.4763 30.4481 30.4589 30.4589 30.4697 30.3256 30.3256 30.1815 30.0737 30.0737 29.966 30.0112 30.0112 30.0564 30.2629 30.2629 30.4693 30.1745 30.1745 29.8797 29.7807 29.7807 29.6818 29.912 29.912 30.1423 30.0175 30.0175 29.8927 29.9038 29.9038 29.915 29.9745 29.9745 30.034 29.979 29.979 29.924 29.987 29.987 30.0501 29.9234 29.9234 29.7967 29.8001 29.8001 29.8035 29.8313 29.8313 29.8591 29.8597 29.8597 29.8603 29.5456 29.5456 29.231 29.417 29.417 29.6029 29.6277 29.6277 29.6525 29.7187 29.7187 29.785 29.3098 29.3098 28.8347 28.7408 28.7408 28.647 28.9435 28.9435 29.2399 29.3232 29.3232 29.4065 29.2764 29.2764 29.1464 29.3444 29.3444 29.5424 29.4944 29.4944 29.4464 29.465 29.465 29.4836 29.4836
30.1481 30.1481 30.2682 30.2682 30.3883 30.4143 30.4143 30.4403 30.4707 30.4707 30.5012 30.3087 30.3087 30.1163 29.9302 29.9302 29.7442 29.9329 29.9329 30.1215 30.2088 30.2088 30.2961 30.052 30.052 29.8079 29.7458 29.7458 29.6837 29.872 29.872 30.0603 30.0645 30.0645 30.0688 29.8885 29.8885 29.7082 29.7809 29.7809 29.8536 29.9319 29.9319 30.0102 30.0581 30.0581 30.106 29.9002 29.9002 29.6944 29.6789 29.6789 29.6634 29.7718 29.7718 29.8801 29.8596 29.8596 29.8391 29.6056 29.6056 29.3722 29.5215 29.5215 29.6708 29.6753 29.6753 29.6797 29.6516 29.6516 29.6235 29.2507 29.2507 28.8779 28.8542 28.8542 28.8305 28.9433 28.9433 29.0561 29.2558 29.2558 29.4555 29.3197 29.3197 29.1838 29.3683 29.3683 29.5529 29.4952 29.4952 29.4375 29.4799 29.4799 29.5223 29.5223
30.1481 30.1481 30.2682 30.2682 30.3883 30.4143 30.4143 30.4403 30.4707 30.4707 30.5012 30.3087 30.3087 30.1163 29.9302 29.9302 29.7442 29.9329 29.9329 30.1215 30.2088 30.2088 30.2961 30.052 30.052 29.8079 29.7458 29.7458 29.6837 29.872 29.872 30.0603 30.0645 30.0645 30.0688 29.8885 29.8885 29.7082 29.7809 29.7809 29.8536 29.9319 29.9319 30.0102 30.0581 30.0581 30.106 29.9002 29.9002 29.6944 29.6789 29.6789 29.6634 29.7718 29.7718 29.8801 29.8596 29.8596 29.8391 29.6056 29.6056 29.3722 29.5215 29.5215 29.6708 29.6753 29.6753 29.6797 29.6516 29.6516 29.6235 29.2507 29.2507 28.8779 28.8542 28.8542 28.8305 28.9433 28.9433 29.0561 29.2558 29.2558 29.4555 29.3197 29.3197 29.1838 29.3683 29.3683 29.5529 29.4952 29.4952 29.4375 29.4799 29.4799 29.5223 29.5223
30.318 30.318 30.2951 30.2951 30.2723 30.3524 30.3524 30.4324 30.4825 30.4825 30.5326 30.2918 30.2918 30.0511 29.7868 29.7868 29.5224 29.8545 29.8545 30.1867 30.1547 30.1547 30.1228 29.9294 29.9294 29.736 29.7108 29.7108 29.6856 29.832 29.832 29.9783 30.1116 30.1116 30.2449 29.8732 29.8732 29.5015 29.5873 29.5873 29.6732 29.8848 29.8848 30.0965 30.1292 30.1292 30.162 29.877 29.877 29.592 29.5577 29.5577 29.5234 29.7123 29.7123 29.9011 29.8595 29.8595 29.8178 29.6656 29.6656 29.5134 29.626 29.626 29.7387 29.7228 29.7228 29.707 29.5845 29.5845 29.4619 29.1916 29.1916 28.9212 28.9676 28.9676 29.014 28.9432 28.9432 28.8723 29.1884 29.1884 29.5045 29.3629 29.3629 29.2212 29.3923 29.3923 29.5633 29.496 29.496 29.4287 29.4949 29.4949 29.561 29.561
30.2399 30.2399 30.1284 30.1284 30.0169 30.2138 30.2138 30.4108 30.4403 30.4403 30.4699 30.179 30.179 29.8882 29.7351 29.7351 29.582 29.9252 29.9252 30.2684 30.2738 30.2738 30.2792 30.0343 30.0343 29.7894 29.8083 29.8083 29.8272 29.9285 29.9285 30.0299 30.0277 30.0277 30.0255 29.8175 29.8175 29.6094 29.7097 29.7097 29.81 29.8546 29.8546 29.8991 30.0083 30.0083 30.1175 29.8676 29.8676 29.6176 29.5891 29.5891 29.5605 29.7537 29.7537 29.947 29.8167 29.8167 29.6864 29.6177 29.6177 29.5489 29.5908 29.5908 29.6327 29.6959 29.6959 29.759 29.7182 29.7182 29.6774 29.4173 29.4173 29.1573 28.9787 28.9787 28.8001 28.8685 28.8685 28.9368 29.157 29.157 29.3773 29.4252 29.4252 29.4732 29.5598 29.5598 29.6463 29.6461 29.6461 29.6459 29.5911 29.5911 29.5362 29.5362
30.2399 30.2399 30.1284 30.1284 30.0169 30.2138 30.2138 30.4108 30.4403 30.4403 30.4699 30.179 30.179 29.8882 29.7351 29.7351 29.582 29.9252 29.9252 30.2684 30.2738 30.2738 30.2792 30.0343 30.0343 29.7894 29.8083 29.8083 29.8272 29.9285 29.9285 30.0299 30.0277 30.0277 30.0255 29.8175 29.8175 29.6094 29.7097 29.7097 29.81 29.8546 29.8546 29.8991 30.0083 30.0083 30.1175 29.8676 29.8676 29.6176 29.5891 29.5891 29.5605 29.7537 29.7537 29.947 29.8167 29.8167 29.6864 29.6177 29.6177 29.5489 29.5908 29.5908 29.6327 29.6959 29.6959 29.759 29.7182 29.7182 29.6774 29.4173 29.4173 29.1573 28.9787 28.9787 28.8001 28.8685 28.8685 28.9368 29.157 29.157 29.3773 29.4252 29.4252 29.4732 29.5598 29.5598 29.6463 29.6461 29.6461 29.6459 29.5911 29.5911 29.5362 29.5362
30.1618 30.1618 29.9617 29.9617 29.7615 30.0753 30.0753 30.3892 30.3982 30.3982 30.4072 30.0662 30.0662 29.7252 29.6834 29.6834 29.6415 29.9958 29.9958 30.3502 30.3928 30.3928 30.4355 30.1391 30.1391 29.8428 29.9058 29.9058 29.9688 30.0251 30.0251 30.0814 29.9438 29.9438 29.8062 29.7618 29.7618 29.7174 29.8322 29.8322 29.9469 29.8243 29.8243 29.7017 29.8874 29.8874 30.0731 29.8581 29.8581 29.6432 29.6204 29.6204 29.5975 29.7952 29.7952 29.9928 29.7739 29.7739 29.555 29.5697 29.5697 29.5844 29.5556 29.5556 29.5267 29.6689 29.6689 29.8111 29.8519 29.8519 29.8928 29.643 29.643 29.3933 28.9897 28.9897 28.5861 28.7937 28.7937 29.0014 29.1257 29.1257 29.25 29.4876 29.4876 29.7252 29.7273 29.7273 29.7293 29.7963 29.7963 29.8632 29.6873 29.6873 29.5114 29.5114
30.1917 30.1917 30.1122 30.1122 30.0327 30.1629 30.1629 30.2931 30.274 30.274 30.2548 30.0281 30.0281 29.8014 29.7929 29.7929 29.7844 29.9807 29.9807 30.177 30.308 30.308 30.439 30.1262 30.1262 29.8135 29.8094 29.8094 29.8053 29.9024 29.9024 29.9996 30.0065 30.0065 30.0135 29.9313 29.9313 29.8491 29.9375 29.9375 30.0259 29.8938 29.8938 29.7617 29.9079 29.9079 30.0542 29.8678 29.8678 29.6813 29.6346 29.6346 29.5878 29.741 29.741 29.8943 29.8224 29.8224 29.7505 29.6571 29.6571 29.5636 29.5774 29.5774 29.5912 29.6852 29.6852 29.7791 29.8417 29.8417 29.9044 29.5733 29.5733 29.2422 28.9531 28.9531 28.6641 28.7344 28.7344 28.8047 28.9929 28.9929 29.1811 29.3149 29.3149 29.4488 29.5182 29.5182 29.5876 29.7159 29.7159 29.8442 29.7714 29.7714 29.6987 29.6987
30.1917 30.1917 30.1122 30.1122 30.0327 30.1629 30.1629 30.2931 30.274 30.274 30.2548 30.0281 30.0281 29.8014 29.7929 29.7929 29.7844 29.9807 29.9807 30.177 30.308 30.308 30.439 30.1262 30.1262 29.8135 29.8094 29.8094 29.8053 29.9024 29.9024 29.9996 30.0065 30.0065 30.0135 29.9313 29.9313 29.8491 29.9375 29.9375 30.0259 29.8938 29.8938 29.7617 29.9079 29.9079 30.0542 29.8678 29.8678 29.6813 29.6346 29.6346 29.5878 29.741 29.741 29.8943 29.8224 29.8224 29.7505 29.6571 29.6571 29.5636 29.5774 29.5774 29.5912 29.6852 29.6852 29.7791 29.8417 29.8417 29.9044 29.5733 29.5733 29.2422 28.9531 28.9531 28.6641 28.7344 28.7344 28.8047 28.9929 28.9929 29.1811 29.3149 29.3149 29.4488 29.5182 29.5182 29.5876 29.7159 29.7159 29.8442 29.7714 29.7714 29.6987 29.6987
30.2216 30.2216 30.2627 30.2627 30.3039 30.2505 30.2505 30.197 30.1498 30.1498 30.1025 29.99 29.99 29.8776 29.9024 29.9024 29.9272 29.9655 29.9655 30.0038 30.2231 30.2231 30.4425 30.1133 30.1133 29.7842 29.713 29.713 29.6419 29.7798 29.7798 29.9177 30.0692 30.0692 30.2208 30.1007 30.1007 29.9807 30.0428 30.0428 30.1049 29.9633 29.9633 29.8216 29.9285 29.9285 30.0353 29.8774 29.8774 29.7194 29.6488 29.6488 29.5781 29.6869 29.6869 29.7957 29.8708 29.8708 29.9459 29.7444 29.7444 29.5428 29.5993 29.5993 29.6557 29.7014 29.7014 29.7471 29.8316 29.8316 29.916 29.5035 29.5035 29.0911 28.9166 28.9166 28.7421 28.6751 28.6751 28.6081 28.8601 28.8601 29.1122 29.1423 29.1423 29.1723 29.3091 29.3091 29.4458 29.6355 29.6355 29.8252 29.8556 29.8556 29.886 29.886
30.2476 30.2476 30.1394 30.1394 30.0313 30.2025 30.2025 30.3738 30.2076 30.2076 30.0415 29.9113 29.9113 29.7812 29.7893 29.7893 29.7975 29.8907 29.8907 29.9838 30.1003 30.1003 30.2168 30.0616 30.0616 29.9064 29.8468 29.8468 29.7871 29.9191 29.9191 30.0511 30.1533 30.1533 30.2556 30.1306 30.1306 30.0056 30.002 30.002 29.9983 29.8992 29.8992 29.8001 29.8103 29.8103 29.8204 29.7828 29.7828 29.7451 29.6949 29.6949 29.6446 29.7468 29.7468 29.849 29.9099 29.9099 29.9708 29.7745 29.7745 29.5781 29.61 29.61 29.6419 29.6785 29.6785 29.7151 29.6912 29.6912 29.6673 29.4342 29.4342 29.2012 29.1041 29.1041 29.0071 28.8465 28.8465 28.686 28.8194 28.8194 28.9528 29.028 29.028 29.1031 29.157 29.157 29.2109 29.4242 29.4242 29.6375 29.5681 29.5681 29.4986 29.4986
30.2476 30.2476 30.1394 30.1394 30.0313 30.2025 30.2025 30.3738 30.2076 30.2076 30.0415 29.9113 29.9113 29.7812 29.7893 29.7893 29.7975 29.8907 29.8907 29.9838 30.1003 30.1003 30.2168 30.0616 30.0616 29.9064 29.8468 29.8468 29.7871 29.9191 29.9191 30.0511 30.1533 30.1533 30.2556 30.1306 30.1306 30.0056 30.002 30.002 29.9983 29.8992 29.8992 29.8001 29.8103 29.8103 29.8204 29.7828 29.7828 29.7451 29.6949 29.6949 29.6446 29.7468 29.7468 29.849 29.9099 29.9099 29.9708 29.7745 29.7745 29.5781 29.61 29.61 29.6419 29.6785 29.6785 29.7151 29.6912 29.6912 29.6673 29.4342 29.4342 29.2012 29.1041 29.1041 29.0071 28.8465 28.8465 28.686 28.8194 28.8194 28.9528 29.028 29.028 29.1031 29.157 29.157 29.2109 29.4242 29.4242 29.6375 29.5681 29.5681 29.4986 29.4986
30.2736 30.2736 30.0162 30.0162 29.7588 30.1546 30.1546 30.5505 30.2655 30.2655 29.9806 29.8326 29.8326 29.6847 29.6763 29.6763 29.6679 29.8159 29.8159 29.9638 29.9775 29.9775 29.9912 30.0099 30.0099 30.0286 29.9805 29.9805 29.9324 30.0585 30.0585 30.1845 30.2375 30.2375 30.2904 30.1605 30.1605 30.0305 29.9611 29.9611 29.8917 29.8351 29.8351 29.7785 29.692 29.692 29.6056 29.6882 29.6882 29.7707 29.7409 29.7409 29.7112 29.8068 29.8068 29.9023 29.949 29.949 29.9957 29.8045 29.8045 29.6134 29.6207 29.6207 29.628 29.6555 29.6555 29.6831 29.5509 29.5509 29.4186 29.365 29.365 29.3113 29.2916 29.2916 29.272 29.018 29.018 28.764 28.7787 28.7787 28.7934 28.9137 28.9137 29.0339 29.0049 29.0049 28.9759 29.2129 29.2129 29.4498 29.2805 29.2805 29.1112 29.1112
30.312 30.312 30.1294 30.1294 29.9468 30.011 30.011 30.0752 30.0957 30.0957 30.1161 29.8932 29.8932 29.6703 29.6903 29.6903 29.7102 29.8703 29.8703 30.0304 30.1083 30.1083 30.1863 30.1477 30.1477 30.1091 30.0921 30.0921 30.0751 30.1874 30.1874 30.2997 30.4111 30.4111 30.5225 30.3623 30.3623 30.2022 30.1209 30.1209 30.0397 29.961 29.961 29.8823 29.8521 29.8521 29.8219 29.773 29.773 29.724 29.7483 29.7483 29.7725 29.8467 29.8467 29.9209 29.8223 29.8223 29.7237 29.6458 29.6458 29.5679 29.503 29.503 29.4382 29.5275 29.5275 29.6168 29.5868 29.5868 29.5568 29.508 29.508 29.4592 29.2929 29.2929 29.1266 29.0453 29.0453 28.964 29.0411 29.0411 29.1182 29.0077 29.0077 28.8972 28.8687 28.8687 28.8402 29.1547 29.1547 29.4692 29.4423 29.4423 29.4153 29.4153
30.312 30.312 30.1294 30.1294 29.9468 30.011 30.011 30.0752 30.0957 30.0957 30.1161 29.8932 29.8932 29.6703 29.6903 29.6903 29.7102 29.8703 29.8703 30.0304 30.1083 30.1083 30.1863 30.1477 30.1477 30.1091 30.0921 30.0921 30.0751 30.1874 30.1874 30.2997 30.4111 30.4111 30.5225 30.3623 30.3623 30.2022 30.1209 30.1209 30.0397 29.961 29.961 29.8823 29.8521 29.8521 29.8219 29.773 29.773 29.724 29.7483 29.7483 29.7725 29.8467 29.8467 29.9209 29.8223 29.8223 29.7237 29.6458 29.6458 29.5679 29.503 29.503 29.4382 29.5275 29.5275 29.6168 29.5868 29.5868 29.5568 29.508 29.508 29.4592 29.2929 29.2929 29.1266 29.0453 29.0453 28.964 29.0411 29.0411 29.1182 29.0077 29.0077 28.8972 28.8687 28.8687 28.8402 29.1547 29.1547 29.4692 29.4423 29.4423 29.4153 29.4153
30.3505 30.3505 30.2427 30.2427 30.1349 29.8675 29.8675 29.6 29.9258 29.9258 30.2516 29.9537 29.9537 29.6559 29.7042 29.7042 29.7525 29.9247 29.9247 30.0969 30.2391 30.2391 30.3813 30.2855 30.2855 30.1897 30.2037 30.2037 30.2177 30.3163 30.3163 30.4149 30.5847 30.5847 30.7545 30.5642 30.5642 30.3738 30.2807 30.2807 30.1876 30.0869 30.0869 29.9862 30.0122 30.0122 30.0382 29.8578 29.8578 29.6773 29.7556 29.7556 29.8339 29.8867 29.8867 29.9395 29.6956 29.6956 29.4517 29.4871 29.4871 29.5224 29.3854 29.3854 29.2483 29.3994 29.3994 29.5505 29.6227 29.6227 29.6949 29.651 29.651 29.6072 29.2942 29.2942 28.9812 29.0726 29.0726 29.1641 29.3036 29.3036 29.4431 29.1018 29.1018 28.7606 28.7325 28.7325 28.7044 29.0965 29.0965 29.4886 29.604 29.604 29.7194 29.7194
30.3476 30.3476 30.1622 30.1622 29.9769 29.9211 29.9211 29.8653 29.9285 29.9285 29.9917 29.8859 29.8859 29.78 29.7841 29.7841 29.7882 29.9241 29.9241 30.06 30.1519 30.1519 30.2439 30.1411 30.1411 30.0384 30.2049 30.2049 30.3714 30.5825 30.5825 30.7935 31.0139 31.0139 31.2342 30.9115 30.9115 30.5888 30.5788 30.5788 30.5688 30.3449 30.3449 30.121 30.0998 30.0998 30.0785 29.8452 29.8452 29.612 29.6526 29.6526 29.6932 29.7513 29.7513 29.8095 29.7432 29.7432 29.6768 29.6489 29.6489 29.621 29.498 29.498 29.375 29.436 29.436 29.4969 29.6015 29.6015 29.706 29.5843 29.5843 29.4627 29.349 29.349 29.2352 29.3306 29.3306 29.426 29.4561 29.4561 29.4861 29.1806 29.1806 28.8751 28.8871 28.8871 28.8991 29.1155 29.1155 29.332 29.4907 29.4907 29.6493 29.6493
30.3476 30.3476 30.1622 30.1622 29.9769 29.9211 29.9211 29.8653 29.9285 29.9285 29.9917 29.8859 29.8859 29.78 29.7841 29.7841 29.7882 29.9241 29.9241 30.06 30.1519 30.1519 30.2439 30.1411 30.1411 30.0384 30.2049 30.2049 30.3714 30.5825 30.5825 30.7935 31.0139 31.0139 31.2342 30.9115 30.9115 30.5888 30.5788 30.5788 30.5688 30.3449 30.3449 30.121 30.0998 30.0998 30.0785 29.8452 29.8452 29.612 29.6526 29.6526 29.6932 29.7513 29.7513 29.8095 29.7432 29.7432 29.6768 29.6489 29.6489 29.621 29.498 29.498 29.375 29.436 29.436 29.4969 29.6015 29.6015 29.706 29.5843 29.5843 29.4627 29.349 29.349 29.2352 29.3306 29.3306 29.426 29.4561 29.4561 29.4861 29.1806 29.1806 28.8751 28.8871 28.8871 28.8991 29.1155 29.1155 29.332 29.4907 29.4907 29.6493 29.6493
30.3446 30.3446 30.0817 30.0817 29.8188 29.9747 29.9747 30.1306 29.9313 29.9313 29.7319 29.818 29.818 29.9041 29.864 29.864 29.8239 29.9235 29.9235 30.0231 30.0648 30.0648 30.1064 29.9967 29.9967 29.887 30.206 30.206 30.525 30.8486 30.8486 31.1722 31.4431 31.4431 31.714 31.2589 31.2589 30.8038 30.8769 30.8769 30.95 30.6029 30.6029 30.2559 30.1873 30.1873 30.1188 29.8327 29.8327 29.5467 29.5496 29.5496 29.5525 29.616 29.616 29.6795 29.7907 29.7907 29.9019 29.8108 29.8108 29.7196 29.6107 29.6107 29.5017 29.4725 29.4725 29.4433 29.5802 29.5802 29.7172 29.5176 29.5176 29.3181 29.4037 29.4037 29.4893 29.5886 29.5886 29.688 29.6085 29.6085 29.5291 29.2593 29.2593 28.9896 29.0416 29.0416 29.0937 29.1346 29.1346 29.1754 29.3773 29.3773 29.5792 29.5792
30.0843 30.0843 29.9108 29.9108 29.7373 29.8538 29.8538 29.9703 30.0202 30.0202 30.0701 29.9747 29.9747 29.8793 29.8795 29.8795 29.8796 29.9689 29.9689 30.0582 30.2518 30.2518 30.4455 30.3361 30.3361 30.2267 30.4862 30.4862 30.7456 32.3916 32.3916 34.0376 36.1622 36.1622 38.2867 36.5218 36.5218 34.7568 33.4515 33.4515 32.1461 31.2666 31.2666 30.3871 30.2229 30.2229 30.0588 29.8511 29.8511 29.6434 29.6275 29.6275 29.6116 29.5389 29.5389 29.4662 29.6106 29.6106 29.7551 29.7046 29.7046 29.6542 29.6351 29.6351 29.616 29.5325 29.5325 29.4491 29.5394 29.5394 29.6297 29.4542 29.4542 29.2786 29.3243 29.3243 29.3701 29.5702 29.5702 29.7704 29.5741 29.5741 29.3778 29.2155 29.2155 29.0533 29.0129 29.0129 28.9724 28.9601 28.9601 28.9478 29.0623 29.0623 29.1769 29.1769
30.0843 30.0843 29.9108 29.9108 29.7373 29.8538 29.8538 29.9703 30.0202 30.0202 30.0701 29.9747 29.9747 29.8793 29.8795 29.8795 29.8796 29.9689 29.9689 30.0582 30.2518 30.2518 30.4455 30.3361 30.3361 30.2267 30.4862 30.4862 30.7456 32.3916 32.3916 34.0376 36.1622 36.1622 38.2867 36.5218 36.5218 34.7568 33.4515 33.4515 32.1461 31.2666 31.2666 30.3871 30.2229 30.2229 30.0588 29.8511 29.8511 29.6434 29.6275 29.6275 29.6116 29.5389 29.5389 29.4662 29.6106 29.6106 29.7551 29.7046 29.7046 29.6542 29.6351 29.6351 29.616 29.5325 29.5325 29.4491 29.5394 29.5394 29.6297 29.4542 29.4542 29.2786 29.3243 29.3243 29.3701 29.5702 29.5702 29.7704 29.5741 29.5741 29.3778 29.2155 29.2155 29.0533 29.0129 29.0129 28.9724 28.9601 28.9601 28.9478 29.0623 29.0623 29.1769 29.1769
29.8241 29.8241 29.7399 29.7399 29.6558 29.7329 29.7329 29.81 30.1092 30.1092 30.4083 30.1315 30.1315 29.8546 29.895 29.895 29.9353 30.0143 30.0143 30.0933 30.4389 30.4389 30.7846 30.6755 30.6755 30.5664 30.7663 30.7663 30.9662 33.9347 33.9347 36.9031 40.8813 40.8813 44.8595 41.7847 41.7847 38.7098 36.0261 36.0261 33.3423 31.9303 31.9303 30.5183 30.2585 30.2585 29.9987 29.8694 29.8694 29.7401 29.7054 29.7054 29.6707 29.4618 29.4618 29.2529 29.4305 29.4305 29.6082 29.5985 29.5985 29.5889 29.6596 29.6596 29.7303 29.5926 29.5926 29.4548 29.4985 29.4985 29.5423 29.3907 29.3907 29.2391 29.245 29.245 29.2509 29.5519 29.5519 29.8528 29.5396 29.5396 29.2264 29.1718 29.1718 29.1171 28.9841 28.9841 28.8511 28.7856 28.7856 28.7201 28.7474 28.7474 28.7747 28.7747
29.849 29.849 29.7257 29.7257 29.6024 29.9009 29.9009 30.1993 30.1634 30.1634 30.1275 30.0025 30.0025 29.8774 29.9769 29.9769 30.0764 30.1668 30.1668 30.2573 30.347 30.347 30.4367 30.4688 30.4688 30.501 30.8563 30.8563 31.2117 34.9332 34.9332 38.6548 43.9119 43.9119 49.169 45.3809 45.3809 41.5928 37.7944 37.7944 33.996 32.1952 32.1952 30.3944 30.2151 30.2151 30.0357 29.9365 29.9365 29.8372 29.6473 29.6473 29.4574 29.4178 29.4178 29.3783 29.4652 29.4652 29.552 29.4512 29.4512 29.3504 29.4638 29.4638 29.5772 29.5858 29.5858 29.5944 29.4899 29.4899 29.3855 29.3235 29.3235 29.2615 29.2753 29.2753 29.2891 29.5362 29.5362 29.7834 29.6296 29.6296 29.4759 29.3267 29.3267 29.1776 28.9777 28.9777 28.7778 28.7765 28.7765 28.7753 28.8827 28.8827 28.9901 28.9901
29.849 29.849 29.7257 29.7257 29.6024 29.9009 29.9009 30.1993 30.1634 30.1634 30.1275 30.0025 30.0025 29.8774 29.9769 29.9769 30.0764 30.1668 30.1668 30.2573 30.347 30.347 30.4367 30.4688 30.4688 30.501 30.8563 30.8563 31.2117 34.9332 34.9332 38.6548 43.9119 43.9119 49.169 45.3809 45.3809 41.5928 37.7944 37.7944 33.996 32.1952 32.1952 30.3944 30.2151 30.2151 30.0357 29.9365 29.9365 29.8372 29.6473 29.6473 29.4574 29.4178 29.4178 29.3783 29.4652 29.4652 29.552 29.4512 29.4512 29.3504 29.4638 29.4638 29.5772 29.5858 29.5858 29.5944 29.4899 29.4899 29.3855 29.3235 29.3235 29.2615 29.2753 29.2753 29.2891 29.5362 29.5362 29.7834 29.6296 29.6296 29.4759 29.3267 29.3267 29.1776 28.9777 28.9777 28.7778 28.7765 28.7765 28.7753 28.8827 28.8827 28.9901 28.9901
29.8739 29.8739 29.7115 29.7115 29.5491 30.0689 30.0689 30.5886 30.2176 30.2176 29.8466 29.8734 29.8734 29.9002 30.0588 30.0588 30.2175 30.3194 30.3194 30.4213 30.255 30.255 30.0888 30.2622 30.2622 30.4356 30.9464 30.9464 31.4571 35.9318 35.9318 40.4064 46.9424 46.9424 53.4784 48.9771 48.9771 44.4757 39.5628 39.5628 34.6498 32.4602 32.4602 30.2706 30.1717 30.1717 30.0728 30.0035 30.0035 29.9343 29.5892 29.5892 29.244 29.3739 29.3739 29.5037 29.4998 29.4998 29.4958 29.3039 29.3039 29.112 29.268 29.268 29.4241 29.579 29.579 29.7339 29.4813 29.4813 29.2288 29.2564 29.2564 29.284 29.3056 29.3056 29.3273 29.5206 29.5206 29.714 29.7197 29.7197 29.7254 29.4817 29.4817 29.2381 28.9713 28.9713 28.7044 28.7674 28.7674 28.8304 29.018 29.018 29.2055 29.2055
30.0063 30.0063 29.8892 29.8892 29.7721 30.0192 30.0192 30.2663 30.0967 30.0967 29.9271 29.8658 29.8658 29.8045 29.9191 29.9191 30.0338 30.156 30.156 30.2781 30.2283 30.2283 30.1784 30.3179 30.3179 30.4574 31.0383 31.0383 31.6192 34.6154 34.6154 37.6117 41.3823 41.3823 45.1529 42.2406 42.2406 39.3283 36.3821 36.3821 33.436 31.9075 31.9075 30.3791 30.3076 30.3076 30.2361 30.0276 30.0276 29.8191 29.7069 29.7069 29.5947 29.5968 29.5968 29.599 29.7498 29.7498 29.9006 29.5917 29.5917 29.2827 29.2557 29.2557 29.2287 29.4705 29.4705 29.7122 29.5285 29.5285 29.3447 29.3191 29.3191 29.2935 29.363 29.363 29.4326 29.5018 29.5018 29.571 29.6978 29.6978 29.8246 29.4341 29.4341 29.0436 29.0874 29.0874 29.1313 29.209 29.209 29.2866 29.2521 29.2521 29.2176 29.2176
30.0063 30.0063 29.8892 29.8892 29.7721 30.0192 30.0192 30.2663 30.0967 30.0967 29.9271 29.8658 29.8658 29.8045 29.9191 29.9191 30.0338 30.156 30.156 30.2781 30.2283 30.2283 30.1784 30.3179 30.3179 30.4574 31.0383 31.0383 31.6192 34.6154 34.6154 37.6117 41.3823 41.3823 45.1529 42.2406 42.2406 39.3283 36.3821 36.3821 33.436 31.9075 31.9075 30.3791 30.3076 30.3076 30.2361 30.0276 30.0276 29.8191 29.7069 29.7069 29.5947 29.5968 29.5968 29.599 29.7498 29.7498 29.9006 29.5917 29.5917 29.2827 29.2557 29.2557 29.2287 29.4705 29.4705 29.7122 29.5285 29.5285 29.3447 29.3191 29.3191 29.2935 29.363 29.363 29.4326 29.5018 29.5018 29.571 29.6978 29.6978 29.8246 29.4341 29.4341 29.0436 29.0874 29.0874 29.1313 29.209 29.209 29.2866 29.2521 29.2521 29.2176 29.2176
30.1386 30.1386 30.0668 30.0668 29.9951 29.9695 29.9695 29.9439 29.9758 29.9758 30.0077 29.8582 29.8582 29.7087 29.7794 29.7794 29.8501 29.9926 29.9926 30.135 30.2016 30.2016 30.2681 30.3736 30.3736 30.4791 31.1302 31.1302 31.7812 33.2991 33.2991 34.817 35.8222 35.8222 36.8274 35.5041 35.5041 34.1808 33.2015 33.2015 32.2222 31.3549 31.3549 30.4876 30.4435 30.4435 30.3995 30.0517 30.0517 29.7039 29.8246 29.8246 29.9454 29.8198 29.8198 29.6942 29.9998 29.9998 30.3054 29.8794 29.8794 29.4534 29.2434 29.2434 29.0334 29.362 29.362 29.6905 29.5756 29.5756 29.4606 29.3817 29.3817 29.3029 29.4205 29.4205 29.538 29.4831 29.4831 29.4281 29.676 29.676 29.9239 29.3865 29.3865 28.8491 29.2036 29.2036 29.5581 29.6505 29.6505 29.7428 29.4862 29.4862 29.2297 29.2297
30.1456 30.1456 29.9921 29.9921 29.8385 29.9168 29.9168 29.9951 30.02 30.02 30.0449 29.9926 29.9926 29.9403 29.9146 29.9146 29.889 29.9873 29.9873 30.0856 30.1443 30.1443 30.203 30.3891 30.3891 30.5752 30.9682 30.9682 31.3613 32.6256 32.6256 33.8899 34.4489 34.4489 35.0078 34.0402 34.0402 33.0727 32.4006 32.4006 31.7285 31.0532 31.0532 30.378 30.3159 30.3159 30.2537 29.8427 29.8427 29.4318 29.6019 29.6019 29.772 29.7076 29.7076 29.6431 29.8035 29.8035 29.9638 29.6709 29.6709 29.378 29.2667 29.2667 29.1554 29.4064 29.4064 29.6574 29.5788 29.5788 29.5002 29.4066 29.4066 29.313 29.3407 29.3407 29.3684 29.2556 29.2556 29.1428 29.4247 29.4247 29.7065 29.3568 29.3568 29.0071 29.2455 29.2455 29.4839 29.4594 29.4594 29.4349 29.4285 29.4285 29.4222 29.4222
30.1456 30.1456 29.9921 29.9921 29.8385 29.9168 29.9168 29.9951 30.02 30.02 30.0449 29.9926 29.9926 29.9403 29.9146 29.9146 29.889 29.9873 29.9873 30.0856 30.1443 30.1443 30.203 30.3891 30.3891 30.5752 30.9682 30.9682 31.3613 32.6256 32.6256 33.8899 34.4489 34.4489 35.0078 34.0402 34.0402 33.0727 32.4006 32.4006 31.7285 31.0532 31.0532 30.378 30.3159 30.3159 30.2537 29.8427 29.8427 29.4318 29.6019 29.6019 29.772 29.7076 29.7076 29.6431 29.8035 29.8035 29.9638 29.6709 29.6709 29.378 29.2667 29.2667 29.1554 29.4064 29.4064 29.6574 29.5788 29.5788 29.5002 29.4066 29.4066 29.313 29.3407 29.3407 29.3684 29.2556 29.2556 29.1428 29.4247 29.4247 29.7065 29.3568 29.3568 29.0071 29.2455 29.2455 29.4839 29.4594 29.4594 29.4349 29.4285 29.4285 29.4222 29.4222
30.1525 30.1525 29.9173 29.9173 29.682 29.8641 29.8641 30.0462 30.0642 30.0642 30.0822 30.127 30.127 30.1718 30.0498 30.0498 29.9278 29.982 29.982 30.0361 30.087 30.087 30.1379 30.4046 30.4046 30.6712 30.8063 30.8063 30.9415 31.9521 31.9521 32.9628 33.0755 33.0755 33.1883 32.5764 32.5764 31.9645 31.5996 31.5996 31.2348 30.7516 30.7516 30.2684 30.1882 30.1882 30.1079 29.6338 29.6338 29.1597 29.3791 29.3791 29.5986 29.5953 29.5953 29.5921 29.6071 29.6071 29.6222 29.4624 29.4624 29.3026 29.29 29.29 29.2773 29.4508 29.4508 29.6244 29.582 29.582 29.5397 29.4314 29.4314 29.323 29.2609 29.2609 29.1988 29.0282 29.0282 28.8576 29.1733 29.1733 29.4891 29.3271 29.3271 29.1651 29.2874 29.2874 29.4097 29.2683 29.2683 29.1269 29.3708 29.3708 29.6148 29.6148
30.0202 30.0202 29.967 29.967 29.9138 29.8448 29.8448 29.7759 29.8906 29.8906 30.0053 29.8884 29.8884 29.7716 29.8749 29.8749 29.9782 29.962 29.962 29.9458 30.1648 30.1648 30.3837 30.3005 30.3005 30.2173 30.4369 30.4369 30.6565 31.1659 31.1659 31.6753 31.8533 31.8533 32.0314 31.5031 31.5031 30.9748 30.8338 30.8338 30.6929 30.4352 30.4352 30.1775 30.0479 30.0479 29.9182 29.5304 29.5304 29.1426 29.2934 29.2934 29.4441 29.4583 29.4583 29.4725 29.4366 29.4366 29.4006 29.3809 29.3809 29.3611 29.3403 29.3403 29.3195 29.4012 29.4012 29.4829 29.5207 29.5207 29.5585 29.4102 29.4102 29.2618 29.1576 29.1576 29.0535 29.1064 29.1064 29.1594 29.3472 29.3472 29.535 29.376 29.376 29.217 29.2481 29.2481 29.2792 29.2456 29.2456 29.2119 29.4813 29.4813 29.7507 29.7507
30.0202 30.0202 29.967 29.967 29.9138 29.8448 29.8448 29.7759 29.8906 29.8906 30.0053 29.8884 29.8884 29.7716 29.8749 29.8749 29.9782 29.962 29.962 29.9458 30.1648 30.1648 30.3837 30.3005 30.3005 30.2173 30.4369 30.4369 30.6565 31.1659 31.1659 31.6753 31.8533 31.8533 32.0314 31.5031 31.5031 30.9748 30.8338 30.8338 30.6929 30.4352 30.4352 30.1775 30.0479 30.0479 29.9182 29.5304 29.5304 29.1426 29.2934 29.2934 29.4441 29.4583 29.4583 29.4725 29.4366 29.4366 29.4006 29.3809 29.3809 29.3611 29.3403 29.3403 29.3195 29.4012 29.4012 29.4829 29.5207 29.5207 29.5585 29.4102 29.4102 29.2618 29.1576 29.1576 29.0535 29.1064 29.1064 29.1594 29.3472 29.3472 29.535 29.376 29.376 29.217 29.2481 29.2481 29.2792 29.2456 29.2456 29.2119 29.4813 29.4813 29.7507 29.7507
29.8878 29.8878 30.0167 30.0167 30.1456 29.8256 29.8256 29.5055 29.717 29.717 29.9284 29.6499 29.6499 29.3713 29.6999 29.6999 30.0285 29.942 29.942 29.8555 30.2425 30.2425 30.6295 30.1965 30.1965 29.7635 30.0675 30.0675 30.3716 30.3797 30.3797 30.3878 30.6311 30.6311 30.8744 30.4298 30.4298 29.9852 30.068 30.068 30.1509 30.1188 30.1188 30.0866 29.9075 29.9075 29.7285 29.427 29.427 29.1256 29.2077 29.2077 29.2897 29.3213 29.3213 29.3529 29.266 29.266 29.1791 29.2994 29.2994 29.4196 29.3907 29.3907 29.3617 29.3516 29.3516 29.3414 29.4594 29.4594 29.5774 29.389 29.389 29.2006 29.0544 29.0544 28.9082 29.1847 29.1847 29.4612 29.5211 29.5211 29.581 29.4249 29.4249 29.2688 29.2088 29.2088 29.1488 29.2228 29.2228 29.2969 29.5918 29.5918 29.8867 29.8867
29.9116 29.9116 30.007 30.007 30.1024 29.9065 29.9065 29.7105 29.8544 29.8544 29.9984 29.7951 29.7951 29.5918 29.7881 29.7881 29.9844 29.8291 29.8291 29.6739 29.9427 29.9427 30.2114 29.9556 29.9556 29.6999 29.8516 29.8516 30.0033 30.1164 30.1164 30.2295 30.3544 30.3544 30.4792 30.1452 30.1452 29.8112 29.8486 29.8486 29.886 29.8547 29.8547 29.8235 29.8374 29.8374 29.8513 29.492 29.492 29.1328 29.1893 29.1893 29.2457 29.3179 29.3179 29.3901 29.3477 29.3477 29.3054 29.3123 29.3123 29.3191 29.2874 29.2874 29.2557 29.3207 29.3207 29.3857 29.3949 29.3949 29.4042 29.3154 29.3154 29.2266 29.1034 29.1034 28.9803 29.2524 29.2524 29.5245 29.5106 29.5106 29.4967 29.3185 29.3185 29.1404 29.2984 29.2984 29.4565 29.498 29.498 29.5395 29.7357 29.7357 29.9319 29.9319
29.9116 29.9116 30.007 30.007 30.1024 29.9065 29.9065 29.7105 29.8544 29.8544 29.9984 29.7951 29.7951 29.5918 29.7881 29.7881 29.9844 29.8291 29.8291 29.6739 29.9427 29.9427 30.2114 29.9556 29.9556 29.6999 29.8516 29.8516 30.0033 30.1164 30.1164 30.2295 30.3544 30.3544 30.4792 30.1452 30.1452 29.8112 29.8486 29.8486 29.886 29.8547 29.8547 29.8235 29.8374 29.8374 29.8513 29.492 29.492 29.1328 29.1893 29.1893 29.2457 29.3179 29.3179 29.3901 29.3477 29.3477 29.3054 29.3123 29.3123 29.3191 29.2874 29.2874 29.2557 29.3207 29.3207 29.3857 29.3949 29.3949 29.4042 29.3154 29.3154 29.2266 29.1034 29.1034 28.9803 29.2524 29.2524 29.5245 29.5106 29.5106 29.4967 29.3185 29.3185 29.1404 29.2984 29.2984 29.4565 29.498 29.498 29.5395 29.7357 29.7357 29.9319 29.9319
29.9353 29.9353 29.9972 29.9972 30.0592 29.9873 29.9873 29.9155 29.9919 29.9919 30.0683 29.9403 29.9403 29.8124 29.8763 29.8763 29.9402 29.7162 29.7162 29.4923 29.6428 29.6428 29.7933 29.7148 29.7148 29.6362 29.6356 29.6356 29.6349 29.8531 29.8531 30.0712 30.0776 30.0776 30.084 29.8606 29.8606 29.6372 29.6291 29.6291 29.621 29.5907 29.5907 29.5604 29.7672 29.7672 29.974 29.557 29.557 29.14 29.1709 29.1709 29.2017 29.3145 29.3145 29.4272 29.4295 29.4295 29.4317 29.3252 29.3252 29.2187 29.1841 29.1841 29.1496 29.2897 29.2897 29.4299 29.3305 29.3305 29.2311 29.2418 29.2418 29.2525 29.1524 29.1524 29.0523 29.3201 29.3201 29.5879 29.5002 29.5002 29.4125 29.2122 29.2122 29.0119 29.388 29.388 29.7642 29.7731 29.7731 29.7821 29.8796 29.8796 29.9771 29.9771
29.9353 29.9353 29.9972 29.9972 30.0592 29.9873 29.9873 29.9155 29.9919 29.9919 30.0683 29.9403 29.9403 29.8124 29.8763 29.8763 29.9402 29.7162 29.7162 29.4923 29.6428 29.6428 29.7933 29.7148 29.7148 29.6362 29.6356 29.6356 29.6349 29.8531 29.8531 30.0712 30.0776 30.0776 30.084 29.8606 29.8606 29.6372 29.6291 29.6291 29.621 29.5907 29.5907 29.5604 29.7672 29.7672 29.974 29.557 29.557 29.14 29.1709 29.1709 29.2017 29.3145 29.3145 29.4272 29.4295 29.4295 29.4317 29.3252 29.3252 29.2187 29.1841 29.1841 29.1496 29.2897 29.2897 29.4299 29.3305 29.3305 29.2311 29.2418 29.2418 29.2525 29.1524 29.1524 29.0523 29.3201 29.3201 29.5879 29.5002 29.5002 29.4125 29.2122 29.2122 29.0119 29.388 29.388 29.7642 29.7731 29.7731 29.7821 29.8796 29.8796 29.9771 29.9771
