32.4202 32.9549 33.147 34.8162 36.9918 39.4329 39.3428 40.1389 36.6372 39.4538 39.7096 40.948 38.6739 36.5084 33.1226 34.387 33.7378 36.5094 40.1862 43.223 38.6517 39.7901 36.3984 39.101 35.1099 35.7003 34.1341 33.7182 32.5619 33.1318 33.0692 33.6406
32.7713 32.3098 34.1816 33.7628 39.2846 39.0287 39.8327 39.669 39.4351 38.5603 41.0486 40.3685 39.818 36.3035 35.7863 33.2895 35.7878 35.85 43.5135 42.6611 43.1454 39.2362 41.5257 38.7505 38.397 35.348 34.5888 33.573 32.912 32.749 33.669 32.921
32.1129 33.6254 33.5279 35.8411 38.8782 40.3986 39.9576 40.8387 39.8679 40.9997 40.798 41.8089 40.8622 41.8819 38.7288 42.2594 38.5459 42.9915 43.5145 44.4555 43.9734 44.9208 43.8155 45.0269 39.1688 37.4843 34.3248 33.7184 32.9762 32.8489 32.8491 33.1481
35.1057 32.8295 35.6952 34.4235 40.4664 39.8979 41.3138 40.1725 41.7747 40.4223 41.6945 41.2318 42.7989 41.7506 43.4895 41.4837 43.8105 42.2256 45.1445 44.164 45.2274 44.668 46.0227 45.0818 40.8132 36.7775 34.8603 33.8792 32.8449 32.5942 33.0487 32.8611
36.3101 38.8012 37.1421 39.7009 39.9174 41.7074 41.4806 41.9493 41.5802 41.8215 41.1884 42.5046 42.9183 44.0224 43.9353 45.2818 44.4922 45.6515 45.8805 46.4985 45.0099 45.6171 45.9515 45.8223 41.0056 37.5172 34.5502 34.1527 33.0623 33.0058 32.6919 33.2535
35.2684 37.5221 39.3601 39.2293 41.1415 40.9196 42.5469 42.0561 42.2571 41.9308 42.0861 42.0662 44.1808 43.9666 45.665 45.1942 46.1796 45.2621 47.0023 46.4159 45.9634 45.3981 46.0435 45.3986 40.2015 37.0561 34.6725 33.9165 33.3682 32.7734 32.4026 33.1261
33.6858 35.0845 39.1169 41.4622 40.7972 42.5642 42.5472 43.3076 42.8532 43.2944 42.5736 44.3224 44.2119 45.3321 46.1854 48.3485 46.7806 48.1372 47.1184 47.49 45.8035 46.3114 45.5394 44.5734 39.5031 37.4423 33.938 34.2627 33.1052 33.2909 32.6297 33.1162
34.5562 34.3644 41.5979 40.7992 42.9443 41.8375 44.3018 43.2792 44.0101 43.5553 44.6967 44.0919 46.2238 45.4157 49.8981 48.2721 50.7752 48.0813 48.465 47.4887 46.5988 46.0852 45.0619 44.8834 40.0589 36.8792 34.6518 33.951 32.989 32.6227 33.1905 32.6146
33.533 37.0421 41.0257 42.3812 43.3858 45.8046 44.7985 44.6685 44.0881 44.9078 44.5799 45.9209 46.2678 48.6804 51.1045 56.2556 53.9802 54.073 48.8837 48.2565 46.6086 46.3473 45.0059 44.3007 40.5781 38.2592 34.8903 34.6226 32.9229 32.8863 32.3883 32.6417
37.2137 35.387 41.1226 41.9308 45.085 45.1146 45.3759 44.8211 44.9039 44.4252 45.7344 45.4198 47.9505 47.7891 54.6473 55.5986 58.0333 54.6544 49.6767 48.5309 46.6569 45.9822 44.6461 43.965 40.4801 37.714 34.6509 34.0914 32.8147 32.6609 32.7678 32.5114
38.4891 38.931 40.1999 41.5897 43.6283 43.9165 45.2809 44.1954 44.2247 44.6518 45.8307 46.0474 47.2703 48.8732 53.8483 57.0235 58.3213 54.7017 49.7346 47.9518 46.4848 45.7213 44.4802 43.4963 39.6972 36.6736 34.1201 33.6184 32.3545 33.0893 32.5974 32.9022
37.369 38.1076 40.8237 40.7995 42.8682 43.6579 43.7756 44.1757 43.9937 44.3292 45.3865 46.1958 47.259 48.3103 52.2101 55.8021 54.2991 54.89 48.7475 48.2106 45.8221 45.7408 44.1059 43.3281 37.7947 36.6627 33.9209 33.9105 33.0275 32.8809 32.5304 32.4165
36.463 38.7692 40.5583 41.2591 41.8766 41.8715 42.965 43.567 43.9509 43.7752 44.7268 44.7194 46.1507 46.2941 48.8611 47.8937 50.2715 47.9956 47.7825 46.2176 45.0186 44.926 43.9805 42.3609 36.8153 35.2803 34.1092 33.7967 32.7048 32.2808 32.3127 32.4654
37.3211 37.3554 40.7581 40.8454 41.1045 41.5258 42.6363 43.2535 43.438 43.7978 44.4023 44.7101 45.1004 45.7495 46.52 47.5938 46.7203 47.5842 46.3314 46.3695 45.2771 44.7973 43.8015 42.0324 35.7408 35.2611 33.8743 33.7721 32.8057 32.0451 32.3018 32.6588
36.4869 38.164 40.2204 40.0269 40.4499 41.1847 42.4721 42.627 42.8064 43.0424 43.5716 43.8467 44.4636 44.3448 45.1202 45.0591 45.68 45.1472 45.2928 44.9336 44.6892 43.9776 42.6664 38.9878 34.9288 34.0396 32.9477 32.9401 32.2724 32.405 31.8148 32.5987
36.1698 36.9069 38.9514 39.6054 40.0187 40.322 42.0035 42.4313 42.2794 42.6006 43.2492 43.5508 43.5552 44.0855 44.2807 44.7646 44.4842 44.7267 44.2153 44.8799 43.2732 43.702 39.1372 38.2397 34.3055 34.0034 33.5016 32.655 32.3577 32.3867 32.3793 31.8595
34.8294 34.5684 35.9168 35.5782 37.0679 35.9176 38.8367 37.4686 39.8913 38.3897 41.0802 39.3327 41.7245 40.5024 42.8244 41.499 43.0066 41.7778 43.2073 41.3394 40.5669 38.6862 37.4292 37.046 34.1563 33.7878 32.6305 33.1348 32.3744 32.1394 31.9645 32.2497
33.3661 33.8808 34.0585 35.1182 34.7615 35.4959 35.2745 36.5478 35.8137 37.394 36.6241 38.668 37.306 38.9015 38.251 40.3967 38.4214 40.3679 38.9341 41.0269 37.9395 38.3515 36.7193 36.5995 33.9143 33.5849 32.9617 32.8463 32.1999 32.1179 31.9149 32.1298
32.7189 33.1467 33.219 33.5356 33.4586 33.8657 34.1861 34.0741 34.506 34.4645 34.8387 34.6882 34.8981 34.7082 35.1484 34.6928 35.0779 34.7038 35.3582 34.867 35.3639 34.3497 34.6227 34.1322 33.374 33.0034 32.1658 32.7932 31.7392 32.182 32.4955 31.8786
32.5634 32.8652 33.1528 33.2255 33.3365 33.402 33.4007 33.6143 33.3144 34.0961 33.6971 34.2792 33.7701 34.1352 33.9163 34.4654 34.111 34.5208 34.2689 34.2897 33.395 34.1079 33.4482 33.3194 32.6854 33.1126 32.6655 32.2771 31.8828 31.6187 32.6517 32.091
32.6361 32.6418 32.5315 33.2325 32.7868 32.9525 32.7731 33.0692 32.8419 33.0051 33.1322 33.3823 33.2748 33.2572 33.3399 33.2477 33.2885 33.3325 33.3195 33.5686 33.2623 33.0557 32.8867 32.8884 32.8251 32.6435 32.2148 32.3081 32.0106 32.2761 32.1078 31.9255
32.4281 31.9026 32.4387 32.468 32.4578 32.4362 32.2958 32.7738 32.4774 32.7345 32.6959 32.7405 32.4593 32.821 32.9637 33.3561 32.9658 33.3864 33.0729 32.753 32.6013 32.9727 32.8535 32.4115 32.4632 32.1403 31.906 32.1256 32.3574 31.9302 32.0612 31.7995
31.9644 32.1846 32.4538 32.3643 31.9741 31.941 32.3938 32.0975 31.8137 32.2086 32.2196 32.5049 32.1842 32.1636 32.6676 32.7173 32.5182 32.2847 32.5807 32.5569 32.4768 32.0404 32.078 31.6939 31.787 31.5151 31.7014 32.0514 31.8449 31.7655 31.5136 31.8687
32.0312 32.1216 31.9446 32.3003 31.9861 32.0877 32.2786 31.9071 31.9111 32.0989 31.9188 32.1275 32.2429 32.0483 32.3754 32.2149 31.9802 32.2397 32.2935 32.2636 31.9141 32.0914 31.9826 32.0125 31.6456 31.4677 31.613 31.6821 31.6215 31.6343 32.3144 31.3939
