35.4023 33.8988 34.0431 32.762 33.9204 32.7346 33.6837 32.7376 33.0046 32.4262 33.501 32.6736 33.3201 32.4192 33.2152 32.5843 33.0248 32.2489 32.6524 32.5407 32.8498 32.2535 32.8307 32.0433 32.2191 32.0278 32.1819 31.9051 32.4263 32.3461 32.2797 32.3227
34.4753 33.4969 33.0239 32.9844 33.1262 32.4798 32.7472 33.423 32.8393 32.9321 33.1349 32.9592 33.1501 32.8221 33.0406 33.1873 32.8809 32.873 32.6895 33.1461 32.5537 33.0297 32.2689 32.7747 32.2054 32.3507 32.34 32.9761 31.9456 32.9445 32.3893 33.0541
34.6348 33.1154 34.1433 32.7593 33.5752 32.8879 33.7823 32.4872 33.1958 32.9548 33.9414 33.1531 33.3965 32.7266 33.8245 33.2245 33.4289 33.2247 33.8074 33.0372 33.1652 32.947 33.3276 32.9798 32.632 32.2214 32.6175 32.1707 32.6804 31.7929 32.4495 32.2895
33.6905 32.7179 33.0808 32.9553 32.8538 32.3185 32.9827 32.8204 33.0065 33.097 33.22 33.3328 33.1546 33.6713 33.6356 33.6788 33.3727 33.6497 33.6168 33.4788 33.1056 33.4296 33.1168 33.5233 32.1421 32.3314 32.1467 32.5625 31.8755 32.657 32.1222 32.7614
33.7735 33.0913 33.679 32.7028 32.8172 32.8956 33.3815 32.5976 33.3925 33.0859 33.6984 33.4659 34.0061 33.524 34.7763 34.0905 34.3826 34.1808 34.7769 34.49 33.9994 33.6139 33.6851 33.5558 33.1292 32.6651 33.4231 32.3899 32.0645 32.1076 32.96 32.7715
33.0035 32.5085 33.0724 32.9202 32.9337 32.6751 33.0137 33.1286 32.6232 33.0063 33.6938 33.7435 33.9566 34.1243 34.5939 34.9677 34.8239 34.8836 35.0809 35.5553 34.9911 34.221 33.8054 33.7964 33.2906 33.4496 32.764 33.1182 32.1199 32.4265 32.6042 33.3309
33.3202 33.0226 33.4231 32.5125 32.8693 32.6483 33.4723 33.058 33.6912 33.5103 34.3193 34.2234 34.9229 35.0766 36.8006 37.4804 40.0156 39.1833 38.7233 38.4672 38.4031 37.317 35.7789 34.8258 34.2022 33.6849 33.7479 32.9868 32.2316 31.8385 32.5272 32.0116
32.6406 32.5519 32.432 32.6175 32.6913 32.5683 33.0963 33.2062 33.826 34.1119 34.45 34.969 36.1999 36.7086 37.7108 40.0537 44.0263 43.8079 41.6055 41.723 41.8289 40.5218 36.9685 36.4683 33.9307 34.1206 33.4538 33.6321 31.4819 31.9325 31.3864 31.6925
33.3956 32.7202 33.5249 32.9054 33.0213 33.2491 33.9322 33.6998 33.9146 33.5987 35.042 34.9521 37.1621 37.4883 39.033 41.0242 46.2808 46.4634 46.6069 45.8536 45.382 44.4626 43.5116 42.1452 37.3741 35.6821 34.575 33.8571 32.9548 31.7785 31.9507 30.7415
32.6811 33.0583 32.7431 32.8122 32.6011 33.1544 33.0411 33.2929 33.5164 33.8333 35.025 35.1724 36.6861 37.6997 40.5723 43.0478 45.693 46.0172 46.7382 47.112 46.6399 46.4271 45.3736 45.3829 39.1746 36.7805 34.3044 34.3821 32.6209 32.8386 31.1781 31.46
32.8608 32.7757 33.608 32.788 33.429 33.1211 33.8151 33.5486 34.2729 34.3047 35.9976 36.1156 36.8957 36.2375 40.6742 42.334 45.6198 46.3224 48.2701 48.0918 48.6394 47.8446 46.9133 45.7366 40.41 37.7811 34.9903 33.8567 33.4032 33.0625 32.218 31.3008
32.1582 32.6636 32.7597 33.0464 32.4705 32.7962 33.0606 33.4816 33.5662 34.5227 35.7005 36.8327 36.4087 35.188 36.9814 40.05 45.3084 46.5373 48.7557 49.4296 50.0315 49.2135 46.7311 46.1052 41.2173 38.6664 34.7808 34.7866 33.4655 33.4897 32.3512 32.0648
32.9343 32.7793 32.991 32.4132 33.1712 32.2878 33.437 33.2298 33.9919 34.3346 35.939 36.4616 35.508 33.5815 34.976 37.5312 44.4153 45.5856 50.0902 53.2661 56.5798 53.6871 47.2188 45.7215 41.7085 38.8283 35.3911 34.2433 33.6307 32.8906 33.1221 32.2547
32.4707 32.2085 32.4215 32.2726 32.3982 32.6779 32.5696 32.9507 33.3182 34.0239 35.4085 36.0183 35.1609 34.4021 35.4201 38.6594 43.9848 45.0413 49.7085 52.9718 56.0619 53.0777 46.4652 45.6377 41.206 38.1903 34.926 34.8552 33.4771 33.4987 32.5923 32.9857
33.2849 32.5991 32.7923 32.5976 33.124 32.3974 33.0811 32.7093 33.1535 33.1856 34.3039 34.3727 36.4443 37.2587 40.1804 41.0583 43.4525 43.7192 46.4159 47.3435 48.7647 47.4688 45.6166 44.1424 40.2466 37.1167 35.0466 34.4281 33.6289 33.0694 34.0026 32.4297
32.3247 32.3787 32.586 32.6369 32.4526 32.5915 32.7352 32.5445 32.7533 33.1856 33.9305 34.2195 35.9185 37.7453 39.9217 40.4775 41.8262 42.6991 45.0666 46.1678 46.2556 46.3167 44.5267 44.1445 38.7143 37.1715 34.4359 34.4114 33.4716 33.6522 32.9804 33.1716
33.0417 32.0934 32.9338 32.5822 32.8452 32.4275 32.8818 32.6822 33.1161 32.7882 33.9742 33.8567 35.5235 36.3323 39.6533 39.7464 41.6239 42.0176 44.5142 44.2206 44.8134 43.8014 43.2935 42.5424 37.5051 35.9578 34.6599 34.0758 33.635 33.2287 33.0759 32.3588
31.977 32.2995 31.8542 32.3852 32.3714 32.3503 31.93 32.4935 32.7083 33.2913 33.5445 33.6626 35.8268 36.7899 39.0039 39.9329 41.333 42.3596 43.6208 44.2445 43.5589 43.671 42.5108 41.8917 36.4187 35.5792 34.1611 34.2325 32.9986 33.6131 32.9797 33.4767
32.511 32.1372 32.6134 32.6319 32.6073 32.1071 32.7914 32.1992 32.9132 32.6884 33.5942 33.6459 36.7571 37.3534 39.3944 39.6901 41.196 41.7549 44.4742 43.7512 42.6581 42.2184 41.6675 40.0559 35.6171 35.2074 35.2894 35.1726 35.83 35.7181 36.0535 34.8942
31.9053 32.5321 32.2853 32.6012 31.9101 32.3959 32.1828 32.3542 32.1141 32.8227 33.1106 34.3189 34.521 35.9808 38.078 39.3939 40.6926 41.4853 44.5347 44.4784 42.2483 41.5901 40.7987 39.3925 36.2776 36.2575 36.0978 36.7487 37.2202 38.0226 37.5632 37.5712
32.5788 32.0453 32.5542 32.2986 32.4287 32.298 32.6821 32.6591 32.9943 32.4267 33.4614 33.2003 33.0642 32.5313 34.4028 36.224 39.089 39.9756 42.5168 42.4532 41.2607 40.181 38.9661 37.342 36.4025 35.7739 37.2487 37.9027 39.1143 39.4538 40.6071 38.5934
32.0893 32.2123 31.7577 32.4543 32.0637 32.3933 32.5856 32.6063 32.2646 32.499 32.8076 33.3219 31.8533 32.2176 33.4684 36.2008 38.0052 40.7634 40.85 40.4556 40.2256 39.6603 38.0379 36.9392 35.6733 36.0883 37.1482 37.8319 37.6615 38.3183 38.661 38.3311
33.0601 32.5097 32.9462 32.4962 32.444 32.28 32.8987 32.459 32.3342 32.3573 32.9366 32.4585 32.3396 32.1246 34.4988 35.8798 34.6616 35.0676 36.9451 37.1387 36.511 35.6426 35.6498 35.232 34.2956 34.235 36.5036 36.4131 36.5985 36.1877 36.3559 35.0466
32.3659 33.158 32.407 32.7262 32.4459 32.2133 32.168 31.9186 32.0297 32.6245 32.6411 32.9257 32.214 32.3727 34.0481 34.9122 33.2456 33.6784 36.525 36.5716 34.0986 33.9409 34.5127 34.345 33.5069 33.3146 34.3097 35.0281 34.913 35.8337 34.5729 35.2373
